Stock,Start_Price,Mu,GBM_Sigma,Heston_V0,Heston_Theta,Heston_Kappa,Heston_Sigma,Heston_Rho,GBM_Mean,GBM_Median,GBM_Std,GBM_5%,GBM_25%,GBM_75%,GBM_95%,GBM_Prob_Loss,GBM_Skewness,GBM_Kurtosis,Heston_Mean,Heston_Median,Heston_Std,Heston_5%,Heston_25%,Heston_75%,Heston_95%,Heston_Prob_Loss,Heston_Skewness,Heston_Kurtosis
AAPL,309.8999938964844,0.1934165469114419,0.27979258729718237,0.10287096364396629,0.08160596477359484,4.556952645819409,0.6667889508948702,0.024564743963513554,375.4241310113227,361.92378025676385,107.02199662895428,226.32944709973955,299.2173721987601,434.69229659655224,572.373086729692,0.2901,0.8652808647526847,1.3219403006567783,376.04188984243876,361.2265362851459,112.98369018561839,221.4583609785524,299.22452180028097,436.2727367401536,580.0221683696578,0.2918,1.0330072499425038,2.4035070148083015
MSFT,491.7099914550781,0.14751323376492093,0.28022034258086237,0.3064892249339767,0.09094905339961726,4.938243103558706,0.76808460434648,0.052533985274461244,573.2323351894,549.2086089333316,166.5070520820114,346.9804357798838,454.94040505314473,666.3190163922318,879.1314466419128,0.3469,0.9172488178958422,1.5129546320629155,570.7236393417157,530.2241223577806,219.73150404513743,294.49054354858345,421.6175557360323,676.403745163708,966.7946922346858,0.4091,1.5999267329002549,7.0179719159833045
NVDA,213.0500030517578,0.5890094367027371,0.5143965541212492,0.11989876016598817,0.26962449007372524,7.35346207464042,1.311453393334168,0.14894968791355062,385.2591429737298,338.9548678768621,214.6172626293938,143.58330052268047,238.82003409580318,477.32236922919094,780.4322213035128,0.188,2.021704804073195,9.13241513166355,383.69240415544743,336.38471480724456,208.81732458243715,150.77149291599287,245.44877117143923,468.8923971922742,768.0432267188181,0.1676,2.125214124209967,8.837682986847051
AMZN,261.05999755859375,0.15721360540731072,0.36307789659089873,0.33824390972703583,0.14345528636580338,6.110758545983248,0.966859218223576,0.026269742462897195,306.7442411446863,286.8349875890681,115.48934442062131,157.86026302383704,224.8444078994594,368.5651357620494,518.0756139730004,0.3984,1.2476894946242645,3.1938101172057634,306.8370253563814,280.9943626209943,138.9003216826204,138.41917784429316,212.93589182800187,370.9306436528098,558.8510689963292,0.429,1.7618827390028746,7.056159621885163
GOOGL,346.9599914550781,0.23366799100341468,0.3206987789265064,0.14049841230845664,0.10713638430305443,9.08489306769129,0.8042921383651878,-0.010238862735751093,437.7572456429033,414.64585878183243,144.3757018581094,242.37406421689573,336.09610816944365,516.806486523039,703.2000486381902,0.2836,1.004237023364539,1.7937448860828784,437.5310595097854,415.66118646543964,149.88605147116075,237.634143601686,331.64926507660164,517.0418566051225,714.5468517021277,0.2947,1.1322121956299664,2.8397420280648467
META,570.0499877929688,0.19446379366909883,0.4532107280424568,0.22229326247800876,0.21144888701695738,9.950024670692969,2.266873904727738,-0.03610749855801511,694.0975626404222,625.8231162188285,334.6840537503667,295.393553284274,458.37387608487427,849.5232471383229,1321.1509620297127,0.4227,1.542982265244113,4.321827008284165,690.9483105166373,626.0471065597885,343.0120823077803,283.45634422270075,463.252048786347,839.6042315227338,1316.6330494423926,0.4144,1.9969821377795347,9.252705547973635
JPM,356.69000244140625,0.21398625719957134,0.24404648869697018,0.03640169044852367,0.0599117355019982,6.623195736433274,0.6366423960884897,-0.05965117977970266,442.3439084892638,428.9702530743258,110.1952303335175,287.5162949232328,363.92487192577187,507.12848229054254,643.1975983203153,0.2272,0.7455386756340346,0.8824044182274253,442.70603992778285,432.3243011020993,105.55665014065183,290.84046592984737,370.18058218176094,502.8457930160531,629.8703169090022,0.2071,0.7353321752546219,1.384716965590731
GS,1058.8800048828125,0.25483624933981674,0.2857617662096411,0.11626239889853299,0.08425666546102216,6.534608565596906,0.7150287986967088,0.08474390091684349,1363.7884618302464,1309.093111829735,392.0719864627874,823.896610333449,1084.827731884702,1588.6656319634396,2086.557872373374,0.2274,0.8354299678489517,1.1409779254800787,1364.4800025415077,1305.144524335708,418.99895176342164,799.9338838412962,1070.2506151791124,1588.3187564175166,2116.984340797317,0.2367,1.088297763673642,2.361443825466073
BAC,62.43000030517578,0.13964175523993055,0.26642414282563587,0.030000444803795573,0.06949470343644315,6.380191623908204,0.6387279920690674,-0.038773729002297634,71.93136909400077,69.49900836666744,19.359293569118236,44.985536127219845,58.183103017452474,83.06372891048572,106.91769747785763,0.3425,0.87929648690984,1.8687606524141698,71.93982148557558,69.82943708347582,18.44439599174566,45.79660044789328,59.08076755563438,82.6859580894692,104.9625283068533,0.3277,0.795870225073876,1.4613315282194401
V,384.1400146484375,0.1365932916859522,0.22921517342108172,0.033678412530694195,0.05363012783590807,6.074911186216908,0.6219147400032069,0.06565166086288579,440.81289891746843,428.6904727657478,102.31636515044018,292.6663860222281,368.4247602577223,500.8787565787244,625.0172477805194,0.31,0.6760316709632536,0.7441827734742761,440.97590672501184,429.9817619742473,100.63228702326852,299.63693472886933,373.339788308365,495.7491941720945,622.5464711719047,0.298,0.9206359428494828,2.348075093689986
XOM,160.63999938964844,0.2874666310817795,0.26679085584546247,0.0634970665392814,0.0708264483508564,5.375150395298871,0.5073215728145613,-0.17512603971755136,213.8748374279159,205.76646109261142,58.33893680193462,132.20621088366462,172.50833789147342,247.37464473474122,320.6966929608059,0.1745,0.838390621384639,1.212712363412618,213.98234816153757,207.5490124861148,56.62935586062957,133.60558193105734,174.526714085698,246.5523612285281,316.505322837362,0.1646,0.7038122405563314,0.9634784783096406
CVX,199.88999938964844,0.2171778693825362,0.252585619962598,0.06929361245000185,0.06422104527158687,5.851140370329217,0.5639754719146456,-0.18970197600112684,248.9469012785298,241.3276037675558,64.18200396269017,159.40574990440405,202.708810999224,286.00021841572243,365.7913504752976,0.2325,0.800276882087737,1.1043771707412517,248.32415489695828,243.65721001002072,62.80539215308949,155.29274113501793,204.72482894722688,286.0100170458912,358.66695193572616,0.2254,0.5712579749429831,0.850057188423238
KO,91.63999938964844,0.14435930938115007,0.16673053216921943,0.043042587377456,0.02890636025498874,6.183028057548801,0.37224261235503886,-0.06663918899941694,105.81962611934424,104.56427840074562,17.671940575817793,79.33664538333589,93.07757752051334,116.74403306625622,136.93930670412934,0.2205,0.4720891196597269,0.4399130139336087,105.96150561471572,104.34210804476965,18.70225454658919,78.31773782480371,93.08006649122287,117.20126996372291,138.7176454409105,0.2216,0.5825739836473754,0.9392417366238166
PEP,142.27000427246094,0.03292294726036993,0.18885668532643174,0.03357096455953447,0.03678647732610491,7.47461197208421,0.4292163129797833,-0.0344370773703969,147.59115275604452,145.08023521330003,28.394124527336682,105.67793487510812,127.36515046477426,164.80361477590702,198.05251481112265,0.458,0.5578945686984209,0.5141058193291177,147.11325337036257,144.68363503893698,28.270631702011187,104.95339582289353,127.29877549821231,164.50187981186906,197.01495188719127,0.4651,0.5521366894844033,0.7396622666634123
WMT,105.37999725341797,0.19137636430189303,0.22481179165713105,0.1497793373738482,0.05310314590823391,7.926447604607695,0.9093730914299498,-0.2532503619088247,127.57979896895364,124.22973997701712,28.752511099625256,86.32935924208608,106.99724793434925,144.79493918495825,179.4111430059264,0.2271,0.6721277355959978,0.7555180519742697,127.51574520680656,125.1666163495462,32.45466262761,79.91710289403251,105.2488874359037,146.79530746624295,183.55475918999952,0.2519,0.6161165619431183,1.313795305945102
COST,960.010009765625,0.19013986756622994,0.2308082093409039,0.03681893405538715,0.053653211671350724,6.601831048877479,0.6328947542075188,-0.19993825672911603,1164.2708408159901,1130.011072648228,274.0979026561353,779.5541249219224,968.6624760264683,1324.039391972939,1660.4813664104236,0.2396,0.7565884402244555,0.9670748330824894,1160.2758113817356,1139.0200116852784,265.76782153045383,760.2304775532959,981.093174663981,1315.4986262085213,1628.267847513514,0.2238,0.5975658013058172,0.9807126270290931
DIS,111.25,-0.04266960989770174,0.29666867566946326,0.0772508051517817,0.08847739038168306,7.744263206644954,0.8854387541016675,-0.16058772293502604,105.84997824737407,101.13071802589366,31.7417037192234,62.989538191122804,83.09421199321712,123.54254350520722,163.5557003640857,0.6271,0.9490204358049747,1.6265817807894472,106.16270244161939,102.98823156756387,31.290807650466974,61.707192733636624,83.89898666473199,123.86735466716968,162.6930951232888,0.6083,0.7632334191258158,1.2480664383212563
NFLX,82.2300033569336,0.18266060899921413,0.45125980592784387,0.10300253953897266,0.20435634403771313,10.335656296163727,3.2292008865014092,-0.3983478887205687,97.71673303193597,88.36147289982851,46.46347115206973,42.001550984696344,64.60937104580911,120.50193271143876,185.0433921343665,0.4361,1.5578266068300946,5.025956283478363,98.79918540235722,93.96964471816324,44.59931341030314,36.149040784459984,67.98421652755334,123.00804405215088,176.9424595302261,0.3873,1.0558424471420127,3.08379518906908
GE,349.5400085449219,0.39348807512881334,0.31147840890504486,0.11387802325186977,0.0967106058179992,7.505991657028253,0.7732207875607919,-0.18251052199182394,518.2317146935482,492.75307140535506,165.03126886621305,299.1871440674237,400.95273114301943,608.5586071721345,824.2134089267781,0.1322,1.0077203915778563,1.6342581733039712,516.6910072155114,498.03635789035593,164.78922135573774,285.86949925339087,400.3503945164002,609.0124084822136,813.8272298176073,0.1395,0.89954608917305,1.805701007480863
HWM,264.0400085449219,0.47645028884890916,0.3175915828131592,0.09744068576619225,0.10242630994528529,7.6312376082454625,0.9562832275912397,0.24932639717706787,424.1370864549497,402.1170585161481,137.7148822168376,242.06851070270082,327.6699232468364,497.2910287272313,681.8875447857321,0.0891,1.0575334018312188,2.081878493731926,422.45976864816305,397.4167426485493,144.09745457084134,243.1656117093991,324.8664823056429,489.52045151144387,682.3933930636581,0.0851,1.5576347302341147,5.173902666964308
